(0.3611446862014842, 0.5390100237676966) (0.32967088205319617, 0.501601405103833) time: 703.160890(s)
(0.3635939951469702, 0.5351704133430022) (0.3313318425748297, 0.49860810392824) time: 1404.477321(s)
(0.370358900156284, 0.5431230610134437) (0.3356525595129852, 0.49953526799545594) time: 2096.967313(s)
(0.3671143026028319, 0.5344258915687488) (0.343570316014411, 0.5099378881987577) time: 2788.944821(s)
(0.37011174858376383, 0.5381031269413957) (0.334613614271712, 0.4933870634428601) time: 3481.283738(s)
(0.37203772484301467, 0.5357438016528926) (0.3383478456696263, 0.49466597617814606) time: 4186.259497(s)
(0.372079898074145, 0.5364669421487603) (0.34522653584083074, 0.5036231884057971) time: 4878.033855(s)
(0.3673171226473862, 0.53094226184306) (0.33640170785841295, 0.49405069839627525) time: 5570.409614(s)
(0.37131026447940507, 0.5323511230166907) (0.33659207278190967, 0.4908432488360062) time: 6263.080527(s)
(0.3726040405233348, 0.5390989124805801) (0.3344386301029105, 0.4893375914288658) time: 6954.935784(s)
