(0.3687691547884765, 0.5497268885911574) (0.33007783310995464, 0.5038223140495868) time: 659.585430(s)
(0.3725607541209736, 0.5482641392809313) (0.33629280863429284, 0.5046487603305785) time: 1317.891398(s)
(0.37583259109649997, 0.5526588040554521) (0.33568293262758886, 0.5011363636363636) time: 1973.521654(s)
(0.37398568729116277, 0.5457357945756419) (0.33979351852385525, 0.5072808014045234) time: 2631.741002(s)
(0.37660769917876924, 0.5460369949364472) (0.34192377107093, 0.5048984221924306) time: 3288.344178(s)
(0.37277887691246975, 0.5427447733388533) (0.34213926100643316, 0.5022171805713107) time: 3946.028636(s)
(0.37248023568647104, 0.536210832122847) (0.3447724193835355, 0.5086010362694301) time: 4606.655065(s)
(0.37830693082798056, 0.546551190844417) (0.3384354512868595, 0.49561177077955604) time: 5272.301662(s)
(0.37102427375123287, 0.5345435684647303) (0.3425026716877321, 0.505069315125181) time: 5931.886604(s)
(0.3763797784576373, 0.540588113481052) (0.3493181189138709, 0.5093013642000827) time: 6594.769734(s)
