(0.3648660083579027, 0.5472631687454902) (0.32822981445713706, 0.5013449203393338) time: 1310.073457(s)
(0.3538912216669762, 0.5303061646669425) (0.30868337716811034, 0.47043010752688175) time: 2600.959462(s)
(0.36157667634025764, 0.5338851526125195) (0.3251564807269682, 0.48538374134903417) time: 3898.100829(s)
(0.3597920859410734, 0.537421286259936) (0.33580463368453983, 0.5010332713370531) time: 5187.303437(s)
(0.37006072482274094, 0.5409768211920529) (0.3360443168955218, 0.5014486754966887) time: 6472.405867(s)
(0.3660155199587289, 0.5405545210014484) (0.33194369320861894, 0.49354538882577714) time: 7770.345662(s)
(0.36525582880714835, 0.5372747980948437) (0.32858517377279267, 0.49322717402543687) time: 9062.790823(s)
(0.3715453031445329, 0.5376099327470254) (0.33839230818473226, 0.4992243251628917) time: 10369.735912(s)
(0.36505100058902723, 0.5367768595041322) (0.3342399062735363, 0.49917321207110377) time: 11663.709552(s)
(0.3576122810900357, 0.5287083805793217) (0.3358868439645097, 0.4982942210276026) time: 12960.970955(s)
