(0.3620133750583709, 0.5359983472781737) (0.32370512942340507, 0.49302469773690194)
(0.36581192752075803, 0.5402275077559462) (0.3246574533760314, 0.491407867494824)
(0.3653506106939217, 0.540395158787628) (0.33460695616846436, 0.5046071021844911)
(0.3628906968239439, 0.5397350993377483) (0.33309258551749893, 0.5041288191577209)
(0.3672206100965595, 0.5436241610738255) (0.33471595577737184, 0.49886457473162676)
(0.37455463723816773, 0.5467939406515875) (0.3362233717215468, 0.4993799090533278)
(0.37223991170208304, 0.5498914279805605) (0.33687919599611416, 0.5034119106699751)
(0.3620976293668943, 0.5290102389078498) (0.3324819611991859, 0.49555233760860573)
(0.374001609081499, 0.5471756672873991) (0.33909163140106285, 0.502688728024819)
(0.36947843609062997, 0.5377123912142561) (0.3354167898476444, 0.4938973934629706) 2500s
