(0.3825927403530181, 0.5641503572538056) (0.3414476313459383, 0.5173088811044715) time: 1262.141080(s)
(0.37960991098160246, 0.5576485199751604) (0.34662946159583413, 0.5217165958329014) time: 2528.976324(s)
(0.38112989766052063, 0.5628748707342296) (0.34414534626361143, 0.5098626458742125) time: 3791.759681(s)
(0.3722583792918482, 0.550320977428039) (0.3439750654356684, 0.5124690849134378) time: 5048.011400(s)
(0.37297344362191714, 0.5500362206354135) (0.33884247125625827, 0.513096593850295) time: 6316.761180(s)
(0.3803400736900316, 0.5566583953680728) (0.34430099791020924, 0.5129319263397476) time: 7586.137734(s)
(0.3820323660859499, 0.5525090532850492) (0.3444139788884027, 0.507598469967952) time: 8841.065789(s)
(0.3803709081554826, 0.5514713474445018) (0.338751921338865, 0.4998455995882656) time: 10102.277191(s)
(0.3796946745798614, 0.5509718775847808) (0.3515027882920863, 0.5140458173525448) time: 11368.929850(s)
(0.38198972085155336, 0.54636204589894) (0.3523384233056259, 0.5173267326732673) time: 12626.717538(s)
