(0.7808141127613548, 0.9621) (0.7554255690610091, 0.9511) time: 1902.518306(s)
(0.7811711953205785, 0.9617) (0.7518176841253403, 0.9489) time: 3791.203938(s)
(0.7833526480425566, 0.9604) (0.7634984745155466, 0.9531) time: 5679.723611(s)
(0.7896480264965182, 0.965) (0.7638544098126197, 0.9544) time: 7562.785541(s)
(0.7935226509019988, 0.9663) (0.7671517850029621, 0.9565) time: 9446.358268(s)
(0.7887637424382108, 0.9637) (0.7698803743905701, 0.9558) time: 11330.155190(s)
(0.7839501339656085, 0.9619) (0.7629156515137634, 0.9536) time: 13204.201653(s)
(0.7873409848987941, 0.9643) (0.7635612850450852, 0.9542) time: 15077.516389(s)
(0.7868971974396917, 0.962) (0.7693493122053207, 0.9588) time: 16951.147129(s)
(0.7909490666837358, 0.9633) (0.7661881193536106, 0.9539) time: 18830.800533(s)
