(0.7120684089093391, 0.9421) (0.6888887190986851, 0.9255)
(0.7487509561473262, 0.9486) (0.7223845294834649, 0.9365)
(0.7575759177517529, 0.9551) (0.7344503672321469, 0.9404)
(0.7660806026679563, 0.956) (0.7416983501708307, 0.9468)
(0.7681089965289924, 0.9585) (0.7489339013787161, 0.9504)
(0.7784914647910208, 0.9609) (0.7516502498995826, 0.9498)
(0.7776229468050523, 0.9607) (0.7468967363946124, 0.9454)
(0.7778106933755624, 0.9601) (0.7535493296162715, 0.9512)
(0.7810864692589372, 0.9617) (0.754413924463267, 0.949)
(0.7802007416358636, 0.9605) (0.7543918347891412, 0.9507)
