(0.7006551235851439, 0.9349) (0.6822736084263276, 0.9268)
(0.7456874266578684, 0.9485) (0.7228143943373792, 0.9384)
(0.7582036004634679, 0.9526) (0.7329223426381672, 0.9459)
(0.7607926017159241, 0.9534) (0.7356274881139557, 0.9437)
(0.7689514305474672, 0.958) (0.7491532514221266, 0.9465)
(0.7673800711157976, 0.9575) (0.7511271557926434, 0.9537)
(0.7718755080484684, 0.9574) (0.7475988449451537, 0.948)
(0.7749622019194831, 0.9601) (0.752041744491859, 0.9471)
(0.7779670622082598, 0.9605) (0.753748449359901, 0.9526)
(0.7679859310571675, 0.9547) (0.7513872871413853, 0.9483)
