(0.5678288097432128, 0.781425702811245) (0.5355796919542113, 0.756876129291307) time: 230.458092(s)
(0.574978034904762, 0.7854706000401365) (0.5414298895923232, 0.7549894694614382) time: 444.984406(s)
(0.5763506942940907, 0.7875138010639365) (0.5437921113617374, 0.7594784353059177) time: 659.505386(s)
(0.5814852785242983, 0.7917168070597673) (0.5503327028720325, 0.7591292134831461) time: 874.351231(s)
(0.5778692536061748, 0.7850476668339187) (0.554000942429125, 0.7542168674698795) time: 1088.594067(s)
(0.5845808713955017, 0.791503464899066) (0.5559628617234148, 0.7604135300612266) time: 1304.410853(s)
(0.5824965379591861, 0.7876141724380207) (0.550711950261319, 0.7527615987146014) time: 1518.818780(s)
(0.5819735164698981, 0.7822159775190687) (0.5551256130972884, 0.7549648946840521) time: 1732.564015(s)
(0.5873742176747386, 0.7864457831325301) (0.5577982258017998, 0.7563202247191011) time: 1946.749272(s)
(0.5814023771022481, 0.7805318615153035) (0.5593891540014634, 0.7594543083559033) time: 2161.355814(s)
