(0.5539377699488374, 0.7809112806101967) (0.5367909720395553, 0.7595825807746338) time: 454.680248(s)
(0.5817816117876443, 0.7966492776886035) (0.5492908460831258, 0.7664189596304479) time: 908.563536(s)
(0.5844490156173998, 0.7956848971399899) (0.5594633494705876, 0.766867469879518) time: 1362.214525(s)
(0.5882724569688955, 0.7963055918080514) (0.5625258277029755, 0.7719474265074747) time: 1814.892432(s)
(0.5949374423886387, 0.8053603694037342) (0.5646320673430962, 0.7736530550817698) time: 2271.204950(s)
(0.5895199683673955, 0.7944628347878423) (0.5542871273896911, 0.7570797348865234) time: 2725.503429(s)
(0.58563465511677, 0.7943362120907813) (0.5599846692875828, 0.7684664793255721) time: 3180.166003(s)
(0.587669919598321, 0.7954408515766218) (0.5581796647358811, 0.7635962271723861) time: 3633.719820(s)
(0.5844558920963359, 0.7913697942799799) (0.556698447082758, 0.7599558631758451) time: 4087.719526(s)
(0.5893011965120918, 0.791566265060241) (0.5532760433930035, 0.75737507525587) time: 4541.520960(s)
