(0.5206201543342832, 0.7483197913531949) (0.4974202489812447, 0.7231309583542398) time: 196.332167(s)
(0.5501362965218979, 0.7742616033755274) (0.5199546900523381, 0.7413204896648605) time: 389.798289(s)
(0.5638021452902222, 0.774954810202852) (0.5254937655830692, 0.7436000401566107) time: 583.539918(s)
(0.5678697945216149, 0.7782569451409086) (0.543574436355696, 0.7586310718586913) time: 777.030607(s)
(0.5710166339009614, 0.777019568489714) (0.5491130820964898, 0.7588111256150216) time: 971.522766(s)
(0.5728411103120059, 0.7842232035327178) (0.5563658913799515, 0.7640742599096839) time: 1166.365919(s)
(0.5799030523678148, 0.7861515303562469) (0.5533298665189899, 0.7550651955867603) time: 1360.110147(s)
(0.5788894935698305, 0.7829620710415413) (0.5608807605251941, 0.7632714500752634) time: 1554.982769(s)
(0.5850968664605491, 0.7907420423737324) (0.5598095234326985, 0.7595584545910687) time: 1749.678248(s)
(0.5724693701185557, 0.7811434302908726) (0.5545920990914999, 0.7595140074304649) time: 1943.909863(s)
