(0.5662350615409488, 0.7849117174959872) (0.5468780809290326, 0.764050582095544) time: 253.695964(s)
(0.5757364882908774, 0.7839004315969086) (0.54938204572024, 0.760954577358869) time: 488.521078(s)
(0.5761734448319383, 0.7877723120168658) (0.5522202740412607, 0.7623682890115404) time: 720.012078(s)
(0.5739109998431745, 0.7849117174959872) (0.5574471945686784, 0.7681799919646445) time: 949.781907(s)
(0.5825369039920539, 0.7887182575529459) (0.5542289603427328, 0.7634904714142428) time: 1181.736431(s)
(0.5849544074513722, 0.7897008632804657) (0.5567101870935122, 0.7614651279478174) time: 1414.961905(s)
(0.5837217558648345, 0.7821682880353024) (0.5547423297228996, 0.7634667469154378) time: 1647.281825(s)
(0.5839618280443347, 0.7839004315969086) (0.5564520373868405, 0.7601364913689281) time: 1881.286663(s)
(0.581184074962191, 0.7841798835575186) (0.5555126211230431, 0.7604574179957869) time: 2110.516603(s)
(0.5810710968940083, 0.7824385348720522) (0.5539825531891287, 0.7542381382285084) time: 2345.729387(s)
