(0.5231199420718021, 0.7478941034897714) (0.48849929874487463, 0.7129518072289157) time: 220.830286(s)
(0.5528982168432651, 0.7648239189324771) (0.525232613283622, 0.7403131901224653) time: 439.072597(s)
(0.5622235829145015, 0.7688139674894642) (0.5324170420018546, 0.7430980825218352) time: 657.373324(s)
(0.567113819288844, 0.772234491066051) (0.5303624788665398, 0.7413050015034579) time: 875.406507(s)
(0.5703652130209472, 0.7802208835341365) (0.5442789185987087, 0.7479421802850833) time: 1093.286438(s)
(0.5647322069119608, 0.7735981542782626) (0.5296186810668917, 0.7356898975697931) time: 1311.381757(s)
(0.5670442349875191, 0.775860339119093) (0.5390933629122809, 0.7430722891566265) time: 1526.273401(s)
(0.5636726681409545, 0.7723169508525577) (0.5432636288200979, 0.7473420260782347) time: 1740.743458(s)
(0.5608955065406959, 0.7648534725010037) (0.5405870332515469, 0.746362997893047) time: 1953.707055(s)
(0.5757912138644918, 0.778391404759514) (0.5421220469051726, 0.7426994480682388) time: 2167.527305(s)
