(0.49429464867606854, 0.714888063447445) (0.4721117502019717, 0.6888108379327647) time: 136.607001(s)
(0.5293072098930733, 0.7450842696629213) (0.5146611571142744, 0.7268802088563109) time: 257.244686(s)
(0.5447758144847333, 0.7575057736720554) (0.5218265891922629, 0.736525143029208) time: 378.171977(s)
(0.554239722543027, 0.7657693852952994) (0.5213854152270497, 0.7316143272800241) time: 498.548932(s)
(0.5514389641475158, 0.7625552430695058) (0.5260773776843698, 0.7316338819751104) time: 619.850231(s)
(0.5608373886993786, 0.7656328415136003) (0.5298820069321722, 0.7322091739435913) time: 740.927632(s)
(0.5564172356198512, 0.7634009235093355) (0.5316867416995023, 0.7404695024077047) time: 861.801133(s)
(0.5589158016234451, 0.7639851360851662) (0.5338737443106943, 0.7379781146471238) time: 982.808203(s)
(0.5614788892933126, 0.7709211318482841) (0.5347157996422885, 0.7349989965884005) time: 1103.689315(s)
(0.5628305227794209, 0.7626693426994481) (0.5342649553988154, 0.7367945370556337) time: 1223.721541(s)
