(0.7736806955065989, 0.9593) (0.7459365123619335, 0.948) time: 1907.672967(s)
(0.7792390981734079, 0.9601) (0.7544937131127883, 0.9514) time: 3804.795927(s)
(0.7874008693895497, 0.9627) (0.7628638238930362, 0.9531) time: 5693.497472(s)
(0.7813087133455138, 0.9625) (0.7555781877173947, 0.9501) time: 7599.727459(s)
(0.7889543378123888, 0.9612) (0.766092929025972, 0.9529) time: 9488.115579(s)
(0.7820080069942377, 0.9614) (0.764577909902873, 0.9549) time: 11378.738675(s)
(0.7868732094649624, 0.9632) (0.7595329401695411, 0.9541) time: 13267.762038(s)
(0.7892209460547481, 0.964) (0.7682174676727294, 0.9529) time: 15154.025913(s)
(0.7887502209789848, 0.9637) (0.7653338174204167, 0.9581) time: 17085.413473(s)
(0.7873804653407529, 0.9638) (0.7680667365766288, 0.9562) time: 19013.109264(s)
