(0.7786520689949035, 0.9615) (0.7505665625147756, 0.9496) time: 1876.516593(s)
(0.7873234729341279, 0.9629) (0.761742716617851, 0.9537) time: 3768.601089(s)
(0.7834594093108637, 0.9621) (0.7665407616649689, 0.9528) time: 5667.437958(s)
(0.7881496176613852, 0.9627) (0.7686330640851011, 0.9576) time: 7565.700345(s)
(0.7902098047232912, 0.9664) (0.7633267335174495, 0.9507) time: 9455.693299(s)
(0.7955535192545842, 0.9611) (0.7683706492980262, 0.9537) time: 11344.744966(s)
(0.7909358029679867, 0.9647) (0.765262317544602, 0.954) time: 13235.400729(s)
(0.7931926947491608, 0.9654) (0.7715470586692907, 0.9577) time: 15126.043603(s)
(0.7915762905045681, 0.9654) (0.7667438341466661, 0.9553) time: 17015.859036(s)
(0.7933636890582124, 0.9657) (0.7744174415823549, 0.9565) time: 18904.462477(s)
