(0.3288758699845254, 0.5043945817392204) (0.2958431088746085, 0.4629533946471014) time: 673.238371(s)
(0.33968736849473646, 0.5149068322981366) (0.30944383449602125, 0.47727978470137666) time: 1325.373563(s)
(0.34532050951185783, 0.5221832439125051) (0.31584288016659556, 0.4835811648079306) time: 1976.699653(s)
(0.3448287243286329, 0.5206286836935167) (0.3209726344595901, 0.48889118528469566) time: 2627.422292(s)
(0.35517984096064303, 0.530799340749897) (0.3275553309357014, 0.49922320041429313) time: 3280.422247(s)
(0.3610784612685171, 0.5354119347511873) (0.3190836551503992, 0.4844476593985739) time: 3933.765668(s)
(0.36437483186413, 0.5358510087946198) (0.32431804551154714, 0.493065617884496) time: 4586.759651(s)
(0.36197844071551155, 0.5356107660455487) (0.32246264202343233, 0.4852591289955519) time: 5252.913334(s)
(0.36213962892830115, 0.5291804635761589) (0.33203485151161205, 0.4991192622526163) time: 5913.517145(s)
(0.36334360143035155, 0.5304347826086957) (0.3237122674577363, 0.4842605015997523) time: 6580.492841(s)
