(0.31305473685162966, 0.4927146843029865) (0.28372765761541846, 0.4553266383683611)
(0.31638621620094576, 0.49798948345190225) (0.2807947538749682, 0.4495242035581299)
(0.31948224922324353, 0.49220121888234686) (0.2854553406019135, 0.4590993596364388)
(0.31402014449666804, 0.4958600703788036) (0.28707176156136066, 0.4630261660978385)
(0.327426106761624, 0.5073947667804323) (0.2930486769999087, 0.45975823948755035)
(0.331974954385587, 0.5091321845010834) (0.3009909638620205, 0.47361341059602646)
(0.3346536696806457, 0.5174832387828777) (0.2984735180949594, 0.46137161743441435)
(0.33578054120498996, 0.5170525010334849) (0.3086664898912608, 0.47893592795776835)
(0.333770678414035, 0.5109941158253329) (0.31061459917165063, 0.4844997407983411)
(0.33924468380440376, 0.5178331438023364) (0.31475183198859213, 0.48829051893118747)
