(0.6971975079187973, 0.911) (0.6722201387159855, 0.8953)
(0.7065857169664544, 0.9183) (0.6837378626285736, 0.9022)
(0.7130595616466285, 0.9172) (0.688040422503384, 0.9063)
(0.7113868658456278, 0.9166) (0.6894504871901843, 0.907)
(0.7179930845666294, 0.922) (0.6900113981531089, 0.9072)
(0.7154847657551789, 0.9203) (0.6884802786698974, 0.9054)
(0.7150169787923946, 0.9209) (0.6895151808284029, 0.9077)
(0.7175119192226084, 0.9236) (0.6862269493730618, 0.9065)
(0.7153100213774596, 0.9167) (0.6920773467987362, 0.9075)
(0.7201122129157921, 0.9199) (0.6888534541138034, 0.9038)
