(0.7051984559144587, 0.9227) (0.6851710584698428, 0.9084) time: 216.123146(s)
(0.7169992515547083, 0.9292) (0.6961619524318935, 0.9154) time: 428.803549(s)
(0.7252620992003793, 0.9302) (0.6981469958947729, 0.9188) time: 644.389753(s)
(0.7267415888301609, 0.9297) (0.7014434561117021, 0.9173) time: 856.717656(s)
(0.7278865121546348, 0.9332) (0.7063689132215778, 0.919) time: 1068.197003(s)
(0.7292502554464955, 0.9352) (0.7056097621759341, 0.9229) time: 1280.125422(s)
(0.7346639817096323, 0.9369) (0.7051771886874281, 0.9219) time: 1495.008913(s)
(0.7227288064757977, 0.9297) (0.7064599091743676, 0.9243) time: 1710.199268(s)
(0.7308010169108419, 0.9353) (0.7006784084378713, 0.916) time: 1925.189164(s)
(0.7322076471321449, 0.9339) (0.7081705589106284, 0.9219) time: 2137.620595(s)
