(0.25490629102001466, 0.5348) (0.24769306679000175, 0.5211) time: 443.902126(s)
(0.2560752586279979, 0.5402) (0.24494281716556934, 0.5206) time: 882.068318(s)
(0.2641855540167515, 0.5515) (0.2533441197671541, 0.5286) time: 1317.362790(s)
(0.2664705010094713, 0.5548) (0.2530177040946275, 0.53) time: 1750.704410(s)
(0.266401425126771, 0.5591) (0.2519803189592922, 0.529) time: 2187.057718(s)
(0.26595215253308085, 0.557) (0.2571089471713608, 0.5369) time: 2621.948213(s)
(0.26711370969104875, 0.5548) (0.25340959547043157, 0.5299) time: 3051.686770(s)
(0.26700722242258135, 0.5572) (0.25836166915266173, 0.5452) time: 3485.487255(s)
(0.2725815024556513, 0.5566) (0.25463844266205, 0.5314) time: 3912.909448(s)
(0.26816614043291076, 0.5543) (0.2563416478718883, 0.534) time: 4340.136235(s)
