(0.6694691229141032, 0.8995) (0.6509584713725479, 0.8907) time: 215.773831(s)
(0.6882565296112211, 0.9093) (0.6664820419245172, 0.8933) time: 431.762031(s)
(0.7002973593815331, 0.9161) (0.6786682953633759, 0.901) time: 645.745869(s)
(0.7040219483090995, 0.9163) (0.6802881514479822, 0.9062) time: 857.321336(s)
(0.708054251338804, 0.915) (0.6803509494853899, 0.9001) time: 1068.291076(s)
(0.7114316726535331, 0.9209) (0.6802914549577241, 0.8996) time: 1280.523343(s)
(0.7119655188345329, 0.9171) (0.6846675476243932, 0.9073) time: 1493.096883(s)
(0.7123996449477177, 0.9192) (0.6803533029970533, 0.9021) time: 1706.680122(s)
(0.7152305335598024, 0.9187) (0.6842835259771941, 0.9043) time: 1921.117809(s)
(0.7045965456011302, 0.9163) (0.6805556477716009, 0.8991) time: 2139.921432(s)
