(0.7163473447952382, 0.9274) (0.6973920836183334, 0.917) time: 457.432886(s)
(0.7272568905967999, 0.9316) (0.6985344126494096, 0.9173) time: 904.506184(s)
(0.7279457773713408, 0.9291) (0.7018930965501082, 0.9171) time: 1344.970902(s)
(0.7347374017986734, 0.9354) (0.699854300957529, 0.9168) time: 1789.435513(s)
(0.7361712856605785, 0.9355) (0.7095056728832899, 0.9189) time: 2237.065490(s)
(0.7294664140105549, 0.933) (0.7133693236525768, 0.9222) time: 2694.826018(s)
(0.7346124353343272, 0.9296) (0.7116888973595705, 0.9218) time: 3155.896605(s)
(0.7340025542192907, 0.9328) (0.7135876616105828, 0.925) time: 3602.985129(s)
(0.7379176776895086, 0.9355) (0.7126251118304187, 0.9208)time: 4046.417305(s)
(0.7392604048264376, 0.9362) (0.7102411937722797, 0.9225) time: 4487.628820(s)
